Values:  
R1 = 1.03919759193 
R2 = 2.06836523173 
R3 = 3.03375774261 
R4 = 4.12779067183 
R5 = 3.11985677803 
R6 = 2.04513887844 
R7 = 1.04289965713 
Va = 5.00439410964 
Id = 1.04536428769 
Kb = 7.25705461539 
Kc = 8.23640363075 
