A =

   8214.90562  -3146.20506  -4034.38547
  -4034.38547      0.00000  -1004.40962
    -22.49472     21.49472      0.00000

B =

  -5.15696
   0.00000
   0.00000

I =

  -0.00024409
  -0.00025545
   0.00098044

Ia = -0.00024409
Ib = -0.00025545
Ic =  0.00098044
Vb = -0.035728
Vc =  7.9670
V0 = 0
V1 =  1.0412
V2 =   -1.3051e-16
V3 = -3.1671
V4 = -4.1158
V5 =   -1.3951e-16
V6 = -1.2110
V7 = -3.1671
Vb =    1.3951e-16
Ib =    9.9748e-19
Vc = -0.000010027
Ic = -0.0000000012340
